image_width: 640
image_height: 427
camera_name: narrow_stereo
camera_matrix:
  rows: 3
  cols: 3
  data: [493.53473414, -3.42710262, 286.5538899, 0.0, 490.94207904, 225.36415318, 0.0, 0.0, 1.0]
distortion_model: plumb_bob
distortion_coefficients:
  rows: 1
  cols: 5
  data: [2.00790617e-07, 7.82677840e-13, 0.0, 0.0, 0.0]
rectification_matrix:
  rows: 3
  cols: 3
  data: [1.0, 0.0, 0.0, 0.0, 1.0, 0.0, 0.0, 0.0, 1.0]
projection_matrix:
  rows: 3
  cols: 4
  data: [493.53473414, -3.42710262, 286.5538899, 0.0, 0.0, 490.94207904, 225.36415318, 0.0, 0.0, 0.0, 1.0, 0.0]
rotation_translation:
  rows: 3
  cols: 4
  data: [0.998090531, 0.0345642072, -0.0511918717, -36.6595165, -0.0315545493, 0.997789962, 0.0584765112, -150.912793, 0.0530999300, -0.0567495156, 0.996975371, 411.776680]

